1, 0.06909830056250527, 0.022451398828979268, -0.075, -0.06909830056250527, -0.022451398828979268, 0.0, 0.03090169943749474, -0.022451398828979268, 0.0, 0.01180339887498949, 0.03632712640026804, 0.0
1, 0.0885606930707364, 0.03520656661288943, -0.050214975963591965, -0.0076589936332416425, 0.023571958616357885, 0.12521497596359196, -0.0076589936332416425, 0.023571958616357885, -0.024785024036408032, 0.011439306929263607, -0.03520656661288943, -0.024785024036408032
1, 0.09234100636675836, 0.023571958616357885, 0.050214975963591965, 0.0076589936332416425, -0.023571958616357885, -0.12521497596359196, 0.0076589936332416425, -0.023571958616357885, 0.024785024036408032, -0.011439306929263607, 0.03520656661288943, 0.024785024036408032
1, 0.04270509831248423, 0.058778525229247314, -0.075, -0.04270509831248423, -0.058778525229247314, 0.0, 0.038196601125010526, 0.0, 0.0, -0.011803398874989483, 0.03632712640026804, 0.0
1, 0.05095320508894042, 0.08053738002320024, -0.05021497596359194, -0.020051505651445672, 0.014568271606315117, 0.12521497596359193, -0.020051505651445672, 0.014568271606315117, -0.02478502403640806, 0.029948494348554337, -0.021758854793952925, -0.02478502403640806
1, 0.060850193786049084, 0.07334679683556243, 0.05021497596359194, 0.020051505651445672, -0.014568271606315117, -0.12521497596359193, 0.020051505651445672, -0.014568271606315117, 0.02478502403640806, -0.029948494348554337, 0.021758854793952925, 0.02478502403640806
1, 3.313027033703893e-18, 0.0726542528005361, -0.075, -3.313027033703893e-18, -0.0726542528005361, 0.0, 0.030901699437494743, 0.022451398828979258, 0.0, -0.03090169943749474, 0.02245139882897927, 0.0
1, -0.006116675401086683, 0.09510565162951537, -0.050214975963591965, -0.024785024036408053, 0.0, 0.12521497596359196, -0.024785024036408053, 0.0, -0.024785024036408032, 0.03701837483858143, -1.3877787807814457e-17, -0.024785024036408032
1, 0.006116675401086694, 0.09510565162951536, 0.050214975963591965, 0.024785024036408053, 0.0, -0.12521497596359196, 0.024785024036408053, 0.0, 0.024785024036408032, -0.03701837483858143, 1.3877787807814457e-17, 0.024785024036408032
1, -0.04270509831248422, 0.05877852522924733, -0.075, 0.04270509831248422, -0.05877852522924733, 0.0, 0.011803398874989487, 0.03632712640026804, 0.0, -0.03819660112501052, 0.0, 0.0
1, -0.06085019378604907, 0.07334679683556244, -0.050214975963591965, -0.020051505651445672, -0.014568271606315117, 0.12521497596359196, -0.020051505651445672, -0.014568271606315117, -0.024785024036408032, 0.029948494348554334, 0.021758854793952925, -0.024785024036408032
1, -0.050953205088940405, 0.08053738002320025, 0.050214975963591965, 0.02005150565144567, 0.014568271606315117, -0.12521497596359196, 0.02005150565144567, 0.014568271606315117, 0.024785024036408032, -0.029948494348554337, -0.021758854793952925, 0.024785024036408032
1, -0.06909830056250527, 0.02245139882897928, -0.075, 0.06909830056250527, -0.02245139882897928, 0.0, -0.011803398874989476, 0.03632712640026805, 0.0, -0.03090169943749474, -0.022451398828979265, 0.0
1, -0.09234100636675836, 0.0235719586163579, -0.050214975963591965, -0.0076589936332416425, -0.023571958616357885, 0.12521497596359196, -0.0076589936332416425, -0.023571958616357885, -0.024785024036408032, 0.01143930692926362, 0.03520656661288943, -0.024785024036408032
1, -0.08856069307073638, 0.03520656661288944, 0.050214975963591965, 0.0076589936332416425, 0.023571958616357885, -0.12521497596359196, 0.0076589936332416425, 0.023571958616357885, 0.024785024036408032, -0.01143930692926362, -0.03520656661288943, 0.024785024036408032
1, -0.06909830056250527, -0.02245139882897926, -0.075, 0.06909830056250527, 0.02245139882897926, 0.0, -0.03090169943749474, 0.022451398828979275, 0.0, -0.01180339887498949, -0.03632712640026804, 0.0
1, -0.0885606930707364, -0.035206566612889414, -0.050214975963591965, 0.0076589936332416425, -0.023571958616357892, 0.12521497596359196, 0.0076589936332416425, -0.023571958616357892, -0.024785024036408032, -0.011439306929263607, 0.03520656661288943, -0.024785024036408032
1, -0.09234100636675836, -0.023571958616357875, 0.050214975963591965, -0.0076589936332416425, 0.02357195861635789, -0.12521497596359196, -0.0076589936332416425, 0.02357195861635789, 0.024785024036408032, 0.011439306929263607, -0.03520656661288943, 0.024785024036408032
1, -0.04270509831248424, -0.058778525229247314, -0.075, 0.04270509831248424, 0.058778525229247314, 0.0, -0.03819660112501052, 6.938893903907228e-18, 0.0, 0.01180339887498948, -0.03632712640026804, 0.0
1, -0.050953205088940426, -0.08053738002320024, -0.05021497596359194, 0.02005150565144567, -0.014568271606315117, 0.12521497596359193, 0.02005150565144567, -0.014568271606315117, -0.02478502403640806, -0.02994849434855433, 0.021758854793952932, -0.02478502403640806
1, -0.06085019378604909, -0.07334679683556243, 0.05021497596359194, -0.020051505651445665, 0.014568271606315124, -0.12521497596359193, -0.020051505651445665, 0.014568271606315124, 0.02478502403640806, 0.029948494348554334, -0.021758854793952925, 0.02478502403640806
1, -1.1595594617963626e-17, -0.0726542528005361, -0.075, 1.1595594617963626e-17, 0.0726542528005361, 0.0, -0.030901699437494747, -0.022451398828979258, 0.0, 0.030901699437494736, -0.02245139882897927, 0.0
1, 0.006116675401086673, -0.09510565162951537, -0.050214975963591965, 0.024785024036408053, 0.0, 0.12521497596359196, 0.024785024036408053, 0.0, -0.024785024036408032, -0.03701837483858143, 1.3877787807814457e-17, -0.024785024036408032
1, -0.006116675401086704, -0.09510565162951536, 0.050214975963591965, -0.024785024036408053, 0.0, -0.12521497596359196, -0.024785024036408053, 0.0, 0.024785024036408032, 0.03701837483858143, -1.3877787807814457e-17, 0.024785024036408032
1, 0.04270509831248421, -0.05877852522924732, -0.075, -0.04270509831248421, 0.05877852522924732, 0.0, -0.011803398874989483, -0.03632712640026805, 0.0, 0.03819660112501053, -2.0816681711721685e-17, 0.0
1, 0.06085019378604907, -0.07334679683556244, -0.05021497596359194, 0.020051505651445672, 0.014568271606315103, 0.12521497596359193, 0.020051505651445672, 0.014568271606315103, -0.02478502403640806, -0.029948494348554344, -0.021758854793952925, -0.02478502403640806
1, 0.0509532050889404, -0.08053738002320027, 0.05021497596359194, -0.020051505651445672, -0.014568271606315103, -0.12521497596359193, -0.020051505651445672, -0.014568271606315103, 0.02478502403640806, 0.029948494348554344, 0.021758854793952925, 0.02478502403640806
1, 0.06909830056250527, -0.02245139882897929, -0.075, -0.06909830056250527, 0.02245139882897929, 0.0, 0.011803398874989476, -0.036327126400268056, 0.0, 0.03090169943749474, 0.022451398828979265, 0.0
1, 0.09234100636675836, -0.02357195861635791, -0.050214975963591965, 0.0076589936332416425, 0.023571958616357885, 0.12521497596359196, 0.0076589936332416425, 0.023571958616357885, -0.024785024036408032, -0.01143930692926362, -0.03520656661288943, -0.024785024036408032
1, 0.08856069307073638, -0.035206566612889456, 0.050214975963591965, -0.0076589936332416425, -0.023571958616357885, -0.12521497596359196, -0.0076589936332416425, -0.023571958616357885, 0.024785024036408032, 0.01143930692926362, 0.03520656661288943, 0.024785024036408032
1, 0.08850888284819802, 0.0, -0.063508882848198, -0.18650888284819803, 0.0, -0.009491117151801995, 0.009491117151801981, 0.0, -0.009491117151801995, 0.009491117151801981, 0.0, 0.010508882848198009
1, -0.08850888284819801, 0.0, -0.062491117151801986, -0.009491117151801995, 0.0, -0.010508882848198009, 0.186508882848198, 0.0, 0.009491117151801995, -0.009491117151801995, 0.0, 0.009491117151801995
0, 0.053821910575111105, -0.027912262698777644, -0.02839343367553116, 0.01034469917051295
0, -0.032889562793496585, 0.04832672884956781, -0.04467364392989844, 0.01011495806629279
0, -0.001199981342854, -0.06836330290405047, -0.03252868808947939, 0.01019021219766812
0, 0.019574842078600406, 0.009677547952067487, -0.050417529926099845, 0.009879673452534534
0, -0.010670082254486854, 0.008252402103686402, -0.028807886178525057, 0.009908932284362529
0, 0.06572595230730163, -0.056865549699273155, -0.06475856079379778, 0.010241762478343136
0, -0.05065776044884088, 0.04284192338580027, -0.03616774863367895, 0.009958175839216004
0, -0.050199291620065464, -0.0655103111467209, -0.026341538840709, 0.010038487161294279
0, -0.02132284016952647, -0.06544496744845431, -0.029390967900153553, 0.010272662702255846
0, -0.03798109232771513, -0.04693136208500044, -0.06532578010250549, 0.009675020756588704
0, 0.04194362922770883, 0.053895074051582614, -0.03802195230463972, 0.01036357793586158
0, -0.035579700459128914, -0.05067068718681607, -0.027688622971370844, 0.010329760493330979
0, -0.06293513188865567, 0.015312538707804031, -0.06530606799722542, 0.009695090615435718
0, -0.050309145262313275, -0.025539129628067224, -0.05207779780407604, 0.009811381985443408
0, -0.06813473548042474, 0.055078458516549314, -0.06450326679413863, 0.010498818449865228
0, -0.01187532427999472, -0.018186015483797256, -0.04660212320140668, 0.010040262309104571
0, -0.056157899864766186, -0.06392174251598691, -0.04580993621380547, 0.010383546436203596
0, 0.02337668996715382, -0.010302645763493223, -0.0646990205956011, 0.010303462485345942
0, -0.044216118197028365, 0.06664875990298541, -0.04685270440607206, 0.009526529115689727
0, 0.05433531948452813, 0.0077481250541641886, -0.032058740766448324, 0.009717572233293927
0, -0.030166996029782272, 0.01045270644015594, -0.0645493587343198, 0.010453757548219493
0, 0.030127973031671355, 0.06696189998440838, -0.04794215796797296, 0.009855233678599504
0, 0.0013882055874697276, 0.005388078370351633, -0.04493273328204264, 0.009594774571600293
0, -0.05120437490556423, -0.007917445360666034, -0.0432318867501834, 0.009926526072705303
0, 0.05050707432918808, 0.068570632597606, -0.053148482553848186, 0.009943658295888445
0, 0.06340036570818372, -0.009854265959572587, -0.06518434881789316, 0.009815948132148034
0, -0.006883352977897364, 0.05903522212963556, -0.053852657239705067, 0.00995251728768583
0, -0.0630476863317071, 0.008110401913651234, -0.04665984770077619, 0.010295155593975687
0, -0.0015227211015121159, -0.06157432208844914, -0.06529821980338722, 0.009702070296602942
0, -0.01652677886231136, -0.03020532259339884, -0.06528136870000212, 0.00971899164599748
0, 0.06012719522347657, -0.04455982881202612, -0.04907794114245899, 0.010461808705960729
0, 0.015370573093564384, -0.04939393221647977, -0.05455353633424015, 0.010465104416715646
0, -0.0267238220494484, -0.0315372430027617, -0.04811235092996208, 0.009985277634733196
0, -0.07304915998781557, -0.01698902877262079, -0.0399044286134966, 0.009997656621618407
0, 0.014840665730732555, 0.03872787559498981, -0.0647239414052395, 0.010277244976167275
0, -0.032356422597763786, 0.06165251466936388, -0.06537695825602562, 0.009623327154102619
0, -0.03586350875246081, -0.02752094781265218, -0.06519751381250992, 0.009803679074301871
0, 0.027258424890705946, 0.04774423728466935, -0.050126692921923, 0.009637346957543771
0, 0.06631985146418284, -0.03225335552527665, -0.06466253667849632, 0.010342386610118881
0, 0.010004365839332058, 0.06731352907804325, -0.04600481310409558, 0.010365514610860802
0, 0.07696758512159158, -0.037532834924644015, -0.037780348623577584, 0.010307360915702926
0, 0.0014727300224845437, -0.025993311350913897, -0.025309345402828472, 0.010075966036687978
0, -0.023280914383739797, 0.04573464924615636, -0.02774843369061849, 0.00951999859312629
0, -0.051374520868377065, 0.02329577582565658, -0.03779834789492659, 0.00966955452773732
0, 0.053941806063853334, -0.007348194156866915, -0.044621005484645364, 0.009926062344573428
0, 0.0512195869927352, 0.010484045072265243, -0.053988041426326454, 0.010400876739655718
0, -0.02554773295879143, -0.06966319255894883, -0.06457590634105664, 0.010425172158805937
0, 0.0039870507831089, 0.07151039443710772, -0.0650015828251951, 0.010000659424549157
0, 0.007771754152136031, 0.04699014117985771, -0.04757148719404341, 0.01003204749627388
0, -0.0183624370379253, -0.05033514339984725, -0.06480610909131393, 0.010198462506551733
0, -0.047375466119261, -0.010879224200280544, -0.06538937092352654, 0.009611180226501884
0, 0.04534479417894047, -0.018157689648203353, -0.06494294320319796, 0.010057465951437989
0, -0.06662345141750489, 0.028887203927898383, -0.04822304158579363, 0.009630110850569355
0, 0.024175121344909754, 0.07825969239763648, -0.03198638410917069, 0.010476889206847861
0, 0.07010277549879566, 0.009665839854639412, -0.042940146408992255, 0.009536638538977153
0, -0.06540105842299682, -0.010167757023158662, -0.05727375318368876, 0.010170179255692354
0, 0.021479244714604, -0.02286169600626547, -0.04893248630826028, 0.009943011346532435
0, 0.00038438778329276933, 0.025981393895848536, -0.05666692538817892, 0.01022418151157474
0, 0.01773468659500352, 0.08466714841282978, -0.0575410638020394, 0.010439007743089888
0, 0.06995102450965184, -0.054033827986882034, -0.02767562720419205, 0.01027528270419615
0, 0.06736382055316038, -0.008286080566251708, -0.02969361786426576, 0.010037944128910334
0, -0.04097825581618246, -0.07578506257340369, -0.0403616272643315, 0.009638795275249376
0, 0.007197982144989882, 0.009583442809189425, -0.06542652186737591, 0.009576652824412559
0, -0.029434295881260824, 0.013718681137788069, -0.03234366615450178, 0.009952657775149813
0, 0.05251604007934065, 0.04290306086152143, -0.05158635822406586, 0.010047926894730934
0, 0.020950507524869717, -0.08537598994720874, -0.05763630501163191, 0.009730643514631604
0, 0.02957593140845151, -0.03175182144319676, -0.06493032706252867, 0.010070168153373098
0, -0.015211844924932603, -0.013912252776786933, -0.027279538426711738, 0.010029199100711195
0, -0.01983424549939203, -0.000584371738280984, -0.0434924855503053, 0.009525902507677814
0, 0.010203733370447424, -0.06999367363890602, -0.01600249885444119, 0.009954975884899735
0, 0.017927719190373812, 0.029330580430265412, -0.04683276230423539, 0.010165426917055657
0, -0.0260950102951224, -0.05796684750073906, -0.04769720550247384, 0.01007227332163813
0, 0.018552609972608408, -0.06862617096589935, -0.03362641846479451, 0.009595254354156011
0, -0.08340930219237117, 0.018965583840890216, -0.04654135298474886, 0.009918008917112654
0, -0.04532516624770325, 0.02432100112068233, -0.0608533532657761, 0.010423128141444549
0, 0.034790599887036006, -0.008497711054181713, -0.04844896200013442, 0.009640551669032089
0, -0.08687859797592275, -0.0012744229908220636, -0.043139112067959506, 0.009943956838312186
0, 0.08140635689810564, -0.025203108697348826, -0.05316143800226552, 0.009900851694208247
0, 0.07298736142697493, -0.008354722599909787, -0.048430077126989726, 0.009525556049918584
0, -0.03501348573321205, -0.07986833112277479, -0.02219811768612821, 0.009910783471025204
0, 0.03242621142647852, -0.05338469143741967, -0.06504745783726593, 0.009954526367492429
0, -0.04164820415911676, 0.009132127630170574, -0.04756200923697732, 0.010093076933882552
0, 0.08062959223900651, 0.026730395356919012, -0.06483829252987634, 0.010163578810943819
0, -0.033637100491042585, 0.041512985409264166, -0.06451033151853323, 0.01049000761480666
0, 0.0033969099904430306, -0.006129837818819892, -0.028947576732370865, 0.010210829621764481
0, 0.0886299627136103, 0.0021446504531051447, -0.03689123611362169, 0.010150967586374453
0, 0.006138799382886164, -0.050056565993477506, -0.03340298108094032, 0.009553077960966511
0, 0.03643860967945016, 0.0107598821287978, -0.03987076395010925, 0.010041434372732385
0, -0.014302390340811514, 0.021165431542708266, -0.04356760535579289, 0.010037320791930987
0, 0.07125013529967422, 0.05396087470716843, -0.026648715088960714, 0.009571521762299346
0, 0.03940917551539543, 0.0488279191059511, -0.06522613752385323, 0.00977614465412801
0, 0.012935559645646655, 0.015837827270346917, -0.03287566664092457, 0.009863526208267206
0, 0.05122270350652191, 0.027495263573983495, -0.06508956666866245, 0.009914241868710035
0, -0.03405022409473349, -0.009074720755715374, -0.03279429443582913, 0.010188048251937238
0, -0.03243093756327489, -0.012469785093003382, -0.05269271700586533, 0.01006327365626279
0, -0.015076686246373724, 0.08055199514449246, -0.03825544365994645, 0.0099827031988821
0, -0.004442607713496066, 0.0854549586876443, -0.05401537594978759, 0.009651881012017789
0, 0.002328086838882192, -0.00956184513054825, -0.05788727146823449, 0.009562281520818354
0, 0.0663228354846162, 0.04039088023667529, -0.06537402781835645, 0.009626518287701785
0, -0.07787136947747057, 0.035769801009272545, -0.032120664418420715, 0.009993771966760469
0, -0.016241161275723257, -0.010247582454283172, -0.06475373018404666, 0.010247897956822573
0, -0.011916246373451535, 0.059684370668909734, -0.03476946270925967, 0.009794897942762499
0, -0.04108160511953934, -0.045014780630236936, -0.04620039455146245, 0.009795297050122144
0, -0.03281896072199809, 0.028326669962990266, -0.04534923534757644, 0.009897450691921501
0, -0.010895362102036897, 0.009601830154948407, -0.05906957895687042, 0.009602788390772178
0, -0.07250939287098462, -0.052502509475908746, -0.04199595032550078, 0.009922838667657289
0, 0.03591322975887982, 0.07712129793264044, -0.0645476008879183, 0.010453885249272231
0, 0.0006315281248098447, -0.03413306979379449, -0.04406164655109803, 0.010385483601554384
0, 0.043619025811019056, 0.07379041679216539, -0.035430916731293755, 0.009770890080731788
0, 0.07605625778083705, 0.03986885864818665, -0.040039372808707854, 0.010454441107199706
0, 0.04575507805142963, -0.06843032948234222, -0.06485542022736017, 0.010144896958749776
0, 0.06321604833605297, 0.05954283743161151, -0.06522450720962689, 0.009777280008055495
0, -0.005757298956330241, -0.05321608414083416, -0.048255117410688275, 0.009736836516334122
0, 0.03361124311675705, 0.011408577222688404, -0.06474661775395354, 0.010254620912079567
0, 0.04857335200676032, 0.026245837000781497, -0.041701312621370036, 0.009719183838146834
0, -0.01624280746654967, 0.07338492741517115, -0.0646851154541651, 0.010319248341845418
0, 0.03062172416340315, -0.06815310814725718, -0.04927485166190148, 0.010174030889215376
0, -0.0371746939327162, 0.03172965874948264, -0.02593272203835757, 0.010291215014815717
0, -0.05168360973295854, 0.06756875797858222, -0.06493851445784468, 0.01006374867331116
0, -0.03764004324187811, 0.06040938075962133, -0.028888065502011093, 0.010324532215318413
0, -0.027686592721824794, 0.08519849274390388, -0.052918028157494926, 0.009907310388550474
0, -0.011838560172384393, -0.07183427426404447, -0.04917847664524231, 0.009872249188946077
0, 0.0407428391771778, -0.050828428521745204, -0.04708008926471101, 0.010010815069040604
0, -0.07336396869762472, -0.04930879063979985, -0.06496040261524069, 0.010039908039760664
0, -0.06868465843645545, 0.01776826816926965, -0.02921597623249131, 0.010426778979760264
0, 0.032570333957527044, 0.030821124631889296, -0.06013191332555281, 0.00967254152930992
0, 0.024580409705640068, -0.045784896686246745, -0.03696984424747547, 0.009710826539580684
0, -0.044523695632394555, -0.07330698650922812, -0.0592103310515273, 0.009628965064584676
0, -0.08579707492977341, 0.01031873877183585, -0.06468148608940814, 0.010319189008483314
0, -0.059171680062278, -0.04331161840168853, -0.052751024008344555, 0.009522925848624481
0, -0.07968756374474319, 0.029757047536163556, -0.0630160740554094, 0.010125232934597446
0, 0.0630738651494552, -0.024764974203298765, -0.04599493382989338, 0.009788448945745775
0, 0.06562687030138004, 0.026590086747122172, -0.05146541475065151, 0.009936574107240186
0, -0.014257195006628916, 0.0409200242562681, -0.04803172725246844, 0.010216386540291856
0, -0.017905858393312678, -0.04429416605428032, -0.0358081723447397, 0.009811309870771737
0, -0.05545196886111082, -0.0380107553351728, -0.034003690906246116, 0.010313434096206164
0, -0.001016216588553638, -0.041250084543755824, -0.06256968751465523, 0.009514591866461088
0, -0.0730115856110802, 0.049849318811519196, -0.04536123699131339, 0.00993796442387751
0, 0.08629253037486843, 0.009958487104189881, -0.05527272859279964, 0.009959531574014895
0, -0.06526559364171294, -0.029032231123871287, -0.06484457978825574, 0.01016133286463258
0, 0.04318712499504962, -0.07347808771482038, -0.03404662621708306, 0.010277439088321436
0, -0.050313750308413924, 0.049736173820193595, -0.0552106425135254, 0.01029823164460144
0, 0.058559531901846776, -0.0630656959359116, -0.04132471246023452, 0.009666303004059563
0, -0.004613403406305228, 0.043226152436614006, -0.0653022247526088, 0.00969989820201901
0, 0.08412161461358846, -0.017213570177622553, -0.03537916289687388, 0.009783050426445108
0, 0.02140975954699916, 0.061648140418645, -0.0649872659571668, 0.010013043037544179
0, 0.08479166334511573, -0.009686151220269253, -0.06534281130920037, 0.00965747613011306
0, -0.0026704848282223474, -0.08488271058367856, -0.020627525509984344, 0.010223556015948375
0, -0.02489219312500708, 0.06630875746973997, -0.04791861352560204, 0.009831902259103971
0, -0.05469764077875756, -0.05767193504994855, -0.06507697160479783, 0.009925951158873165
0, 0.02770138245173711, -0.08524727771524862, -0.03925003902207636, 0.00985719716480015
0, 0.04173523653718183, -0.029880945131991972, -0.04964702514728915, 0.00954952165697247
0, 0.06578381540750108, 0.057050200480298616, -0.045485316300317484, 0.010284511058139512
0, -0.011256266107845364, -0.08477792067600166, -0.06467357047766772, 0.010327920446979553
0, -0.08432702968128102, -0.014294101965447354, -0.06451251649786528, 0.010487822494203023
0, 0.010365047085676943, -0.02574124237226191, -0.06510900425818478, 0.009893893902015786
0, 0.03794586641633709, -0.015754208977427093, -0.030709303943677674, 0.009785970343066934
0, 0.05163141946556721, -0.04744480377182873, -0.031230889193534044, 0.009514273861632408
0, 0.08297024336735805, -0.009598436991979008, -0.01707900493868868, 0.010072096273569902
0, 0.0010065008011261691, 0.03199585219828924, -0.03547326785255898, 0.010389052969262038
0, -0.035164353666103536, 0.07958963566034961, -0.03528918779595983, 0.01004748527948026
0, -0.05979883593820635, 0.06165764905168305, -0.03606184655877845, 0.01007524405660195
0, -0.055182273682763794, -0.01887790193410551, -0.026989029726700486, 0.010068809585957725
0, -0.026896902195784663, -0.08494430548705638, -0.05084643963050016, 0.010164633523720823
0, -0.07784605679584342, -0.03533031138767826, -0.0330720569307635, 0.010152202858812012
0, -0.06102914485324682, 0.03614102206209798, -0.06527563525091276, 0.009727459709158998
0, 0.022202390235611227, -0.0022631057707535956, -0.034885778416187604, 0.009887964724836048
0, 0.047697479530161076, -0.040499654072958274, -0.0649738705525891, 0.01002654971197569
0, -0.018941382679318438, -0.08522442445578819, -0.03243453415169358, 0.009883142317999444
0, -0.018175715539230194, 0.027789431814687102, -0.06507837647963129, 0.009921926917121012
0, 0.0038550819221303523, -0.08460889937692297, -0.04685214195937915, 0.01049698380702844
0, 0.006203886791151619, 0.08538441411556695, -0.03783215594874405, 0.009721505807042934
0, 0.017570907795644575, -0.06714115728578499, -0.06483816559904741, 0.010165888898503046
0, -0.08007926228751573, -0.030565380575737527, -0.052009262041987414, 0.009503385097284284
0, 0.06645708231744209, 0.024386559529549844, -0.030330040495001338, 0.010189377488752076
0, -0.08600467241978325, -0.011190752384652036, -0.026027570189202848, 0.009853121773547788
0, 0.06803752571493431, 0.01122313889099739, -0.06518658607403606, 0.009813710740650357
0, -0.062126263318563406, 0.052980246095504516, -0.0038852573833417156, 0.01035989665560791
0, 0.0631606864379064, 0.04689443183094175, -0.009805415710535422, 0.010405595890204985
0, -0.02513164455722643, 0.0849986844293288, -0.018667589891999785, 0.01010741484724941
0, -0.025456999298012636, 0.0009880656162870427, -0.017097032027742473, 0.010305062832200635
0, -0.013055276127663086, 0.08189290301708231, -0.003530874032641256, 0.00950405772705471
0, 0.040012018396610644, -0.0730092594649655, -0.014269554366126673, 0.009758909862184128
0, 0.048880540981127034, 0.022736416587148818, -0.0201379847567801, 0.01019557889273054
0, 0.01833895391979989, -0.023846138570681092, 0.009609287116659806, 0.010230738692023384
0, -0.03347810875351899, -0.0630256548564414, -0.011663621453920865, 0.01001470611179152
0, 0.026971369139682923, 0.038283431065031015, 0.0022398803186463615, 0.010265728327076831
0, 0.03252082281980799, -0.03365862423962643, -0.022908538679141343, 0.010484585709566634
0, 0.022722808874755546, -0.010006441167002967, -0.004533070475209465, 0.010036962102218416
0, -0.00773212538598101, -0.05375526112459355, -0.020547422546353365, 0.009718021721091123
0, -0.0037276883523648797, -0.011913526299893873, -0.010384091009759245, 0.01049777070434219
0, -0.07181506619234622, 0.052535176826616126, -0.02223102017512437, 0.010392273641165215
0, 0.026733747535214614, 0.0510488208991747, -0.014101219060767809, 0.009995109920659984
0, 0.0078015009664115075, -0.028037415799079295, -0.006729765905001, 0.009658265631648219
0, 0.043479149027885265, 0.03999230820014519, -0.010164977712149846, 0.010454268024005368
0, -0.04138495986214214, 0.011401334327976591, -0.011559270373915504, 0.009514296889781601
0, -0.0375572159627537, -0.028850507891657457, -0.03161816721403477, 0.009930837738623861
0, 0.053320050897415004, -0.026426883379696075, 0.0012492131951922427, 0.010318696635299749
0, 0.04095868167967507, -0.015696333361204177, -0.011016767197598679, 0.010136460400836845
0, 0.014584708974404559, -0.04140162663416265, -0.01867294951615268, 0.00950595821972372
0, 0.021776869422666593, 0.02056842765531017, -0.006474886055361835, 0.010148876151427162
0, -0.05551333507304696, 0.028421226041557522, -0.017550014097315412, 0.010142381871156299
0, -0.053163768182226276, -0.06609727224338043, -0.006145322499102993, 0.010383050903276545
0, 0.01611123860980491, 0.0042006680450679, -0.017061937794300423, 0.01002649436447391
0, 0.05356244824480678, 0.061769013068832535, -0.023164928383750658, 0.01007503045681492
0, 0.025852451155373275, -0.05338635398541675, -0.007443008494728628, 0.010411252512382858
0, 0.06441428610250546, -0.019413441489468906, -0.013759639971790803, 0.009619848127449685
0, -0.03525666391934185, -0.026581403978909294, 0.004347734388262504, 0.010168224654472532
0, 0.035517318446664635, 0.06914565367898935, -0.017096216470126088, 0.01034274902228834
0, 0.004304091160368279, 0.06751282819412326, -0.026375816440422348, 0.010076063338680252
0, 0.05523588592145975, -0.002094639416905097, -0.015015824889793262, 0.009984316903340267
0, -0.024512010334939497, -0.017921944677454307, -0.010164749668698224, 0.009858094823369135
0, -0.0580935919586493, -0.04863261020048072, 0.003506019987934893, 0.010170961540888373
0, -0.07506716908182201, -0.045419102067471816, -0.006267719352716383, 0.009677453208943853
0, 0.04484438639552387, -0.04687510834184152, -0.012604640275409055, 0.010318983511717388
0, -0.04865448943902161, 0.005847006397295261, -0.028909917992759833, 0.010100996406167418
0, 0.0008011614747544198, -0.013522228484400987, 0.009665568602693924, 0.010120287722868779
0, -0.048220949672140564, -0.02767418447051134, -0.010690701904137966, 0.00971721244892592
0, -0.06760949396466329, -0.002669442816143895, -0.025162324193765028, 0.010438981632494475
0, 0.005695451930272335, -0.05334624024481214, -0.006428365189635251, 0.009771594522218933
0, -0.0569569090311118, -0.012861612248749245, -0.001822409796825652, 0.009631797764981123
0, -0.01735710127010859, -0.08518711904256025, 0.007462582661467755, 0.009918673254681381
0, -0.07901425193716455, 0.0306959571547291, -0.012326109791418401, 0.010473153182569537
0, 0.05747517151573335, -0.0630865399268587, -0.014067272199457746, 0.010285836962527306
0, -0.06566327802369037, -0.03277853510268481, -0.017582125338787828, 0.009719625756229701
0, 0.010501564506464028, 0.04160454895687968, -0.008411926223348657, 0.009627856163749834
0, -0.007946002360553752, 0.03372774960484233, -0.006706731492820881, 0.00966171946186718
0, -0.047279335214487524, 0.04698423900519173, -0.016751316426619558, 0.010180906855785687
0, 0.0057773394936239415, 0.02511388623538684, -0.017248311328394265, 0.009668642429925265
0, -0.01881615081023982, -0.051629717806754974, -0.00452597668860935, 0.00987979612091259
0, 0.06956584801046801, 0.019498355226494523, -0.010548879397602984, 0.01042318972896633
0, -0.08064579353693396, -0.028769184154976393, 0.001483083438472531, 0.009516886866950612
0, 0.03650866460725683, 0.002263794628704205, -0.021411724041359867, 0.010279453360312702
0, -0.051651654464743985, 0.06709292311078889, -0.015058710374329258, 0.0104664349114648
0, 0.029711074421062352, 0.02088433747032875, -0.024504395730290663, 0.009552185652441416
0, 0.045405999290438474, -0.04385169495992339, 0.007199533627373822, 0.009722887495372961
0, -0.028846744213600027, 0.026275366954864588, -0.007938283753005282, 0.010273625486745515
0, -0.05252826452444257, -0.04801544720370873, -0.016201262705096572, 0.010316712672040042
0, -0.03511759695381174, -0.005954035568403289, 0.003345179608782202, 0.010483982401119914
0, -0.016139948912447157, -0.0004533532189361443, 0.0003248627908073392, 0.009504476993767776
0, 0.06478087965066748, 0.05854524586403665, 0.0064557745540593505, 0.009664412543512699
0, -0.004954322781178477, 0.08486616000757091, -0.021289071258491343, 0.010240004506603092
0, 0.05438203837991057, 0.026787862792254806, 0.0004470994206219137, 0.009691595063893253
0, -0.05692910636040785, 0.016950901746035845, -0.0008719883197868823, 0.010148939567889455
0, 0.08605392984281564, 0.010272364054110205, -0.01853491851335913, 0.010089315876627914
0, -0.007449505581410727, 0.013001151017134303, -0.010135315453489101, 0.009625895159466533
0, 0.061200447296039705, -0.06083522588201471, 0.005660090240028289, 0.009916401212948513
0, -0.018404379618911188, -0.0758103150157148, -0.012694249380202452, 0.009595870452533439
0, -0.030528696603691036, -0.037159394259562335, -0.012718742130013514, 0.010459900633881174
0, -0.07562768222791555, -0.012587651199031187, -0.008804193013903488, 0.010303856323027912
0, -0.014887237056757053, 0.0677393362879087, -0.016886887750951256, 0.010042440517435487
0, -0.08670039037534098, 0.008862885624842507, -0.026069756593298313, 0.009910077106750258
0, 0.07342022734512456, -0.03653310967457198, -0.01768961197313401, 0.010119367895138252
0, -0.034108578836867035, -0.0805069781076627, -0.002091675299083802, 0.009926060577040825
0, 0.027760547037680317, 0.006159459367218224, 0.006821843804329065, 0.01035087237892296
0, 0.02434803517851141, -0.07305871374826768, -0.0025518843438836637, 0.009803151048928553
0, 0.03293356636471992, -0.05879941043188242, -0.025377627408533207, 0.00961669451351841
0, 0.015853911558514025, -0.04331046243245171, 0.006675858247139396, 0.009609947570696284
0, -0.001455991911025631, 0.047824962145932334, -0.022762941250098142, 0.010060845227360981
0, 0.07768563533115838, 0.03706811694448979, -0.019776991531854533, 0.00976786822924209
0, 0.04881338472576387, 0.06189439387496669, -0.0039713563772401945, 0.009698074179067692
0, -0.001333131935931727, -0.07781246758237806, -0.0017479080971236779, 0.009981095250955217
0, 0.005736654423174731, 0.0028308631145382, -0.0003578218062346453, 0.009685123230721652
0, 0.019598822248020103, -0.01777544228533307, -0.022728324781005584, 0.009993274260272607
0, 0.05455966867602349, 0.040981920774589085, -0.027790487672274943, 0.010389063242191628
0, -0.010393389489515407, -0.0360260409218617, -0.0130615382231156, 0.009710616515154117
0, 0.0620703085074959, -0.043628102501836075, -0.0033250336373207502, 0.009515173000645088
0, 0.015105091118527494, 0.06629765924456593, -0.009940925347645431, 0.009628228046827917
0, -0.0739238350116435, 0.010582666091090806, -0.01042632133960828, 0.010361235277340227
0, -0.006883704066475183, -0.031440693929100136, 0.005575684149009968, 0.009801003733142123
0, 0.024123171476945465, -0.08461592262440612, -0.019230672899818155, 0.010489805072607852
0, 0.014385052063463187, 0.08512349566082182, -0.01538505253660748, 0.009982410275901214
0, 0.019873625188965065, 0.05467318674306167, -0.03290191146298356, 0.010344156459100242
0, -0.07028406902117161, -0.05454365411110839, -0.02264054123550928, 0.009667263230203997
0, -0.01591590719633514, 0.027499577980705976, -0.024122157667049258, 0.01047811525308332
0, -0.018049705338922285, 0.04973954617478599, -0.009870087969714092, 0.009534013875610075
0, -0.043582862053007945, -0.007746473222246377, -0.015124637141031383, 0.00991273360459672
0, 0.03263987819796436, -0.032024689360403, -0.0023580200330814956, 0.010131570226014188
0, 0.0440188902361389, 0.010775235011784358, -0.00456924986242002, 0.010030703716643564
0, 0.032954914415139494, 0.03611857261547518, -0.035787965779568665, 0.00968145114377165
