# linhas em branco são ignoradas

1, 0.000000, 0.000000, 0.000000, 0.060000, -0.060000, 0.060000, -0.060000, -0.060000, 0.060000, -0.060000, -0.060000, -0.060000
1, 0.000000, 0.000000, 0.000000, -0.060000, 0.060000, -0.060000, -0.060000, 0.060000, 0.060000, 0.060000, 0.060000, 0.060000
1, 0.000000, 0.000000, 0.000000, 0.060000, 0.060000, -0.060000, 0.060000, 0.060000, 0.060000, 0.060000, -0.060000, 0.060000
1, 0.000000, 0.000000, 0.000000, 0.060000, 0.060000, 0.060000, -0.060000, 0.060000, 0.060000, -0.060000, -0.060000, 0.060000
1, 0.000000, 0.000000, 0.000000, -0.060000, -0.060000, 0.060000, -0.060000, 0.060000, 0.060000, -0.060000, 0.060000, -0.060000

  # isso é um comentário
  // isso também

1, 0.000000, 0.000000, 0.000000, 0.060000, -0.060000, -0.060000, -0.060000, -0.060000, -0.060000, -0.060000, 0.060000, -0.060000
1, 0.000000, 0.000000, 0.000000, 0.060000, -0.060000, -0.060000, 0.060000, -0.060000, 0.060000, -0.060000, -0.060000, -0.060000
1, 0.000000, 0.000000, 0.000000, 0.060000, 0.060000, -0.060000, -0.060000, 0.060000, -0.060000, 0.060000, 0.060000, 0.060000
1, 0.000000, 0.000000, 0.000000, 0.060000, -0.060000, -0.060000, 0.060000, 0.060000, -0.060000, 0.060000, -0.060000, 0.060000
1, 0.000000, 0.000000, 0.000000, 0.060000, -0.060000, 0.060000, 0.060000, 0.060000, 0.060000, -0.060000, -0.060000, 0.060000
1, 0.000000, 0.000000, 0.000000, -0.060000, -0.060000, -0.060000, -0.060000, -0.060000, 0.060000, -0.060000, 0.060000, -0.060000
1, 0.000000, 0.000000, 0.000000, 0.060000, 0.060000, -0.060000, 0.060000, -0.060000, -0.060000, -0.060000, 0.060000, -0.060000

0, 0.000000, 0.000000, 0.000000, 0.01

# espaços são ignorados
    0,     0.050000,    0.000000,   0.000000,      0.01,  

0, 0.000000, 0.050000, 0.000000, 0.01
0, 0.000000, 0.000000, 0.050000, 0.01
0, -0.050000, 0.000000, 0.000000, 0.01
0, 0.000000, -0.050000, 0.000000, 0.01
0, 0.000000, 0.000000, -0.050000, 0.01
