
1, 0.00, 0.00, 0.00,  0.06, -0.06,  0.06, -0.06, -0.06,  0.06, -0.06, -0.06, -0.06
1, 0.00, 0.00, 0.00, -0.06,  0.06, -0.06, -0.06,  0.06,  0.06,  0.06,  0.06,  0.06
1, 0.00, 0.00, 0.00,  0.06,  0.06, -0.06,  0.06,  0.06,  0.06,  0.06, -0.06,  0.06
1, 0.00, 0.00, 0.00,  0.06,  0.06,  0.06, -0.06,  0.06,  0.06, -0.06, -0.06,  0.06
1, 0.00, 0.00, 0.00, -0.06, -0.06,  0.06, -0.06,  0.06,  0.06, -0.06,  0.06, -0.06
1, 0.00, 0.00, 0.00,  0.06, -0.06, -0.06, -0.06, -0.06, -0.06, -0.06,  0.06, -0.06
1, 0.00, 0.00, 0.00,  0.06, -0.06, -0.06,  0.06, -0.06,  0.06, -0.06, -0.06, -0.06
1, 0.00, 0.00, 0.00,  0.06,  0.06, -0.06, -0.06,  0.06, -0.06,  0.06,  0.06,  0.06
1, 0.00, 0.00, 0.00,  0.06, -0.06, -0.06,  0.06,  0.06, -0.06,  0.06, -0.06,  0.06
1, 0.00, 0.00, 0.00,  0.06, -0.06,  0.06,  0.06,  0.06,  0.06, -0.06, -0.06,  0.06
1, 0.00, 0.00, 0.00, -0.06, -0.06, -0.06, -0.06, -0.06,  0.06, -0.06,  0.06, -0.06
1, 0.00, 0.00, 0.00,  0.06,  0.06, -0.06,  0.06, -0.06, -0.06, -0.06,  0.06, -0.06

0,  0.05,  0.00,  0.00, 0.01
0,  0.00,  0.00,  0.00, 0.01
0,  0.00,  0.05,  0.00, 0.01
0,  0.00,  0.00,  0.05, 0.01
0, -0.05,  0.00,  0.00, 0.01
0,  0.00, -0.05,  0.00, 0.01
0,  0.00,  0.00, -0.05, 0.01
